0,	0.211378,	0.230308,	0.705061,	0.636527
1,	0.35838,	0.369747,	0.641036,	0.569144
2,	0.461144,	0.487013,	0.565393,	0.480099
3,	0.55402,	0.567375,	0.465565,	0.392935
4,	0.617761,	0.627596,	0.364741,	0.302422
5,	0.708924,	0.627455,	0.240336,	0.214398
6,	0.748001,	0.634226,	0.15022,	0.125242
7,	0.765404,	0.637805,	0.0739526,	0.0434995
8,	0.771624,	0.634829,	-0.00571326,	-0.0394398
9,	0.7549,	0.639066,	-0.0831885,	-0.121659
10,	0.741092,	0.617709,	-0.162128,	-0.207202
11,	0.703308,	0.592275,	-0.255544,	-0.298772
12,	0.639939,	0.559324,	-0.361379,	-0.383457
13,	0.532003,	0.507842,	-0.494965,	-0.462686
14,	0.435126,	0.405542,	-0.589413,	-0.546619
15,	0.300774,	0.274011,	-0.676073,	-0.614311
16,	0.149594,	0.115304,	-0.739599,	-0.646003
17,	-0.0119513,	-0.0582277,	-0.74929,	-0.659569
